31202007010753000100000000270001
31202007010821000100000000640001
31202007010821000100000000640001
31202007010714000100000005850001
31202007010746000100000005960001
31202007010746000100000005960001
31202007010752000100000026040001
31202007010752000100000026040001
31202007010749000100000026060001
31202007010757000100000026090001
31202007010757000100000026090001
31202007010744000100000026100001
31202007010750000100000026120001
31202007010749000100000026130001
31202007010750000100000026150001
31202007010750000100000026150001
31202007010746000100000026160001
31202007010750000100000026220001
31202007010751000100000026220001
31202007010804000100000026230001
31202007010751000100000026300001
31202007010739000100000026330001
31202007010739000100000026330001
31202007010800000100000030690001
31202007010800000100000030690001
31202007010746000100000032040001
31202007010746000100000032040001
31202007010747000100000036020001
31202007010757000100000036030001
31202007010752000100000036070001
31202007010800000100000036420001
31202007010754000100000037200001
31202007010646000100000038600001
31202007010757000100000038710001
31202007010757000100000038710001
31202007010745000100000039100001
31202007010755000100000039620001
31202007010746000100000039870001
31202007010801000100000040530001
31202007010743000100000040940001
31202007010759000100000041050001
31202007010759000100000041050001
31202007010800000100000041200001
31202007010758000100000041600001
31202007010800000100000045360001
31202007010800000100000045360001
31202007010750000100000045380001
31202007010631000100000065260001
31202007010631000100000065260001
31202007010703000200000090640002
31202007010756000100000458190001
31202007010744000100000458200001
31202007010744000100000458200001
31202007010747000100000458210001
31202007010747000100000458210001
31202007010749000100000458220001
31202007010749000100000458220001
31202007010759000100000458230001
31202007010747000100000458260001
31202007010756000100000458320001
31202007010756000100000458320001
31202007010746000100000458330001
31202007010746000100000458340001
31202007010746000100000458340001
31202007010754000100000458350001
31202007010747000100000458400001
31202007010747000100000458400001
31202007010748000100000458480001
31202007010752000100000458490001
31202007010752000100000458490001
31202007010756000100000458520001
31202007010756000100000458520001
31202007010736000100000458530001
31202007010754000100000458540001
31202007010644000100000458550001
31202007010644000100000458550001
31202007010831000100000458570001
31202007010752000100000458580001
31202007010659000100000458590001
31202007010659000100000458590001
31202007010745000100000458600001
31202007010745000100000458600001
31202007010802000100000458610001
31202007010757000100000458620001
31202007010757000100000458630001
31202007010757000100000458630001
31202007010755000100000458640001
31202007010746000100000458650001
31202007010757000100000458660001
31202007010749000100000458670001
